50 80 250
21 5 24 16 22 25 22 28 24 9 28 23 7 26 27 7 29 5 9 6 20 29 19 15 20 22 16 11 12 23 25 6 13 15 6 12 24 30 15 20 29 16 20 16 14 29 13 10 12 9 
12 67 19 56 42 2 18 23 29 59 78 33 12
15 13 26 7 22 16 74 37 61 33 49 43 30 1 68 51
12 34 21 44 49 51 15 64 62 1 61 29 5
12 14 51 26 20 43 4 62 29 57 72 19 59
16 0 37 54 41 14 63 77 16 39 2 32 36 55 19 13 67
16 31 54 46 57 29 23 75 58 22 27 62 47 3 44 71 19
13 41 77 36 21 33 35 65 70 54 76 3 58 22
15 47 41 59 78 60 0 40 69 67 72 10 15 65 71 48
15 22 48 20 50 6 67 46 47 73 74 54 27 1 11 45
13 21 16 30 55 49 53 65 18 52 29 3 23 63
14 15 14 31 24 13 56 53 46 68 36 28 32 58 50
14 34 19 66 31 10 71 67 59 32 69 68 63 55 8
14 50 27 54 47 41 26 10 66 16 35 5 3 58 13
15 35 53 11 39 34 46 15 13 52 28 31 66 54 0 64
12 17 50 77 51 30 9 13 14 65 10 72 38
11 11 2 76 28 51 10 33 57 39 56 55
16 53 19 61 47 54 76 62 59 37 67 40 45 17 29 64 39
14 52 68 45 8 0 32 74 42 53 69 13 44 39 30
12 71 22 7 31 32 33 5 64 20 11 48 56
13 2 30 12 1 54 43 73 57 7 19 72 62 49
11 44 57 52 51 19 60 37 59 71 9 47
12 61 24 39 69 7 0 55 70 13 48 40 19
16 17 30 60 69 46 18 12 42 62 5 70 2 51 21 15 0
13 36 48 71 51 75 77 55 53 14 59 57 47 1
13 13 63 11 0 65 43 10 25 5 53 40 75 14
15 61 13 72 2 4 43 31 75 66 60 63 69 20 68 74
12 41 58 63 49 60 24 23 51 18 77 72 69
12 70 54 39 50 77 43 49 38 31 74 23 53
12 1 60 22 56 9 26 38 7 18 11 6 31
16 64 52 4 15 13 68 24 66 75 45 41 32 7 62 5 12
12 38 55 41 18 5 25 6 31 73 57 62 36
12 32 30 55 29 1 16 63 56 22 38 40 59
13 51 45 28 77 47 3 59 61 42 7 38 25 13
14 25 29 68 75 67 64 76 1 55 20 45 53 21 30
15 14 72 55 22 34 64 50 10 58 67 15 69 5 31 3
14 52 41 1 67 48 12 31 63 42 6 39 35 69 61
12 74 76 55 15 40 49 10 4 7 61 13 9
16 8 55 26 15 54 58 0 17 64 43 68 72 1 13 27 48
12 55 32 24 3 41 70 31 51 58 75 23 77
14 47 8 32 1 36 75 16 35 68 4 76 73 33 14
11 43 9 0 6 22 66 56 4 73 79 47
16 26 64 15 42 5 63 18 21 54 24 13 47 56 45 29 65
13 49 55 78 72 10 51 11 76 46 31 54 47 41
13 20 79 41 12 2 4 68 48 13 61 69 19 26
12 58 62 52 77 0 46 35 60 56 59 40 67
11 79 45 24 53 2 18 55 69 6 35 25
15 15 11 67 22 46 36 7 76 31 49 56 78 60 37 77
12 76 7 13 38 56 11 26 42 53 51 27 74
16 11 45 41 31 62 13 72 20 10 53 28 34 50 43 35 14
14 70 73 43 57 35 22 40 18 55 27 25 51 38 13
