50 30 200
25 25 14 16 21 9 7 7 17 10 14 6 12 21 28 8 21 10 23 26 21 26 13 25 11 30 8 13 21 13 21 9 10 22 20 7 14 6 27 7 27 10 10 9 7 10 18 12 14 26 
2 7 2
1 2
1 16
1 22
3 13 8 21
2 1 9
2 4 29
2 7 9
2 17 9
2 11 18
2 2 1
2 4 23
3 1 27 16
1 20
3 11 29 8
2 20 1
2 21 7
1 8
1 27
1 9
2 23 8
3 29 10 15
2 25 28
2 29 15
3 4 10 6
1 25
2 15 2
3 14 24 20
2 26 19
2 27 23
2 9 15
2 28 6
3 4 0 25
1 16
3 12 27 25
3 25 15 6
2 25 13
2 1 6
2 13 6
3 13 3 24
2 26 8
1 6
1 11
3 18 20 19
2 14 29
1 17
3 17 22 18
1 23
2 17 6
1 15
