90 50 270
17 25 5 23 23 30 25 21 5 9 6 14 24 26 22 20 16 10 7 5 10 22 9 18 20 6 7 9 27 19 29 12 12 24 21 24 18 25 24 16 24 10 30 15 19 12 18 13 29 12 12 17 19 6 19 29 29 10 25 8 23 6 21 18 28 30 21 22 29 17 18 9 19 6 22 20 16 26 5 22 8 26 20 29 25 15 18 22 25 13 
2 1 15
2 27 40
5 2 46 26 28 19
4 42 24 13 26
5 11 1 12 31 7
4 20 30 41 44
1 29
5 37 16 18 1 2
5 8 11 12 49 26
3 28 47 33
4 9 19 4 43
1 29
4 6 23 13 21
1 41
2 19 40
4 19 1 41 17
5 21 28 11 49 5
3 13 37 0
4 18 4 8 36
3 41 6 5
5 29 39 48 34 44
5 32 39 48 4 5
3 7 33 41
1 5
3 37 13 27
1 0
2 19 14
4 14 27 39 12
2 15 41
4 45 11 36 14
2 10 47
4 17 33 39 3
4 13 39 22 47
1 2
1 4
4 16 2 17 42
3 6 13 7
2 24 41
2 13 3
2 18 14
5 4 23 32 27 5
2 8 6
4 12 46 37 18
1 44
5 49 12 35 18 19
4 30 44 38 31
1 46
3 35 43 32
2 43 31
1 3
2 41 28
5 9 22 26 17 21
2 30 12
2 41 34
5 7 36 13 18 27
2 4 31
3 18 16 19
5 4 2 46 48 14
1 42
4 4 41 18 34
1 45
4 35 32 2 44
1 11
3 28 1 11
1 49
2 32 30
4 7 0 14 16
5 2 14 22 25 13
4 48 41 24 15
1 43
3 29 22 23
5 18 11 44 16 36
1 23
3 37 19 2
2 7 15
5 36 23 32 47 19
3 14 32 9
4 49 41 18 34
2 41 19
4 37 17 42 3
4 12 36 18 23
5 3 14 5 16 36
1 44
4 15 16 34 46
3 2 20 16
2 26 7
5 15 1 5 26 24
3 46 21 15
2 24 39
3 24 49 21
