150 120 450
21 28 22 9 5 20 21 17 6 21 26 26 16 22 14 22 10 13 14 22 11 25 19 11 26 20 23 20 13 10 30 30 10 30 26 27 22 25 22 5 11 12 28 11 20 21 11 10 27 20 10 8 24 27 28 24 9 8 6 29 11 18 28 23 21 26 22 5 10 29 22 13 26 6 12 13 17 14 14 13 21 14 5 29 12 5 21 6 12 6 26 30 24 26 24 6 9 26 5 15 21 18 14 15 17 9 21 14 20 28 5 19 12 11 12 9 30 6 5 22 27 7 19 9 8 5 24 8 9 8 26 5 13 16 11 23 17 16 26 12 20 8 20 23 29 16 11 18 19 19 
7 65 104 12 90 17 5 76
8 44 66 85 86 6 51 32 20
11 12 83 88 119 82 78 69 16 97 60 107
3 90 25 102
12 72 28 64 43 3 21 65 31 44 80 100 50
3 74 27 92
9 59 21 3 72 101 23 15 60 93
2 113 75
8 19 104 2 6 23 100 91 60
1 14
11 15 68 63 54 38 70 0 42 82 119 98
6 32 110 55 86 13 85
2 20 67
3 90 118 44
11 3 102 76 57 81 4 38 101 7 27 20
3 102 64 37
5 112 86 82 72 89
4 55 30 79 52
6 86 99 11 29 50 76
12 58 56 80 52 10 20 109 74 29 35 95 68
4 58 75 55 83
1 91
6 0 73 98 115 107 61
8 22 93 96 5 9 14 91 18
6 1 59 16 35 74 97
8 14 46 2 68 53 82 104 45
12 39 24 22 47 84 69 60 67 12 45 96 7
11 66 54 115 18 20 15 85 34 86 36 96
10 78 100 118 94 8 7 6 44 69 99
10 37 32 55 26 69 65 119 8 94 47
7 30 95 27 97 101 104 87
12 40 52 58 114 48 88 74 112 38 65 97 37
9 84 28 45 116 96 50 47 5 36
5 20 26 12 110 28
6 23 30 44 78 96 114
3 49 34 102
3 77 87 78
5 51 2 73 62 71
5 79 39 96 20 4
5 78 66 5 94 7
11 18 76 115 20 93 58 33 107 82 89 62
5 59 35 91 56 15
5 106 83 113 16 88
1 22
12 45 85 27 52 50 46 56 23 12 116 34 76
9 1 26 71 113 25 94 117 105 8
9 36 111 60 11 32 9 43 58 84
4 84 47 20 56
6 77 73 103 10 13 62
3 112 63 46
3 107 49 118
11 96 72 10 0 51 92 30 66 81 97 35
1 72
9 8 53 75 34 77 46 51 94 76
6 2 9 42 74 82 39
10 116 78 111 61 70 71 108 63 11 33
3 96 63 39
11 111 108 42 71 104 91 54 83 18 114 28
12 22 99 95 14 38 25 8 109 118 119 31 107
5 31 17 91 62 93
9 64 112 36 94 28 103 3 18 48
12 73 89 110 56 66 81 112 102 18 5 90 118
1 13
10 19 79 63 102 15 41 54 87 53 117
7 101 31 3 8 50 19 37
9 35 84 72 60 108 30 83 55 74
10 112 85 105 74 89 96 24 78 52 36
3 41 33 59
11 71 28 93 25 64 7 102 114 57 66 118
9 21 1 46 88 76 0 94 39 92
10 39 116 94 38 87 44 49 2 47 54
2 39 45
11 54 79 99 48 93 75 80 118 77 110 91
5 109 100 48 57 101
1 62
10 29 55 38 21 62 24 22 87 49 86
10 50 87 62 96 67 55 81 102 115 114
2 113 4
11 22 7 0 95 55 116 80 90 100 31 113
2 1 88
2 12 69
8 60 75 44 59 25 104 102 18
3 99 83 21
7 17 55 110 113 62 65 8
2 5 31
2 58 21
5 118 80 92 116 54
4 55 79 95 56
11 37 114 46 10 17 105 83 112 113 80 18
6 99 50 44 93 33 59
9 72 74 49 45 26 68 116 70 93
9 14 23 4 36 70 35 63 85 45
5 5 37 44 47 51
4 48 23 42 44
11 116 20 54 31 53 106 24 110 38 49 19
3 67 54 2
6 99 80 64 46 33 117
2 12 79
5 70 108 4 33 61
6 32 101 9 10 45 63
6 0 89 23 71 72 17
3 91 27 31
4 68 4 55 113
12 74 103 72 25 71 29 68 95 111 22 115 96
10 19 61 11 78 21 10 57 54 72 87
9 0 16 58 79 55 80 18 117 53
4 48 26 109 16
7 51 81 61 2 63 95 119
6 63 99 28 13 100 22
8 17 93 95 16 71 24 66 104
4 33 54 0 48
11 76 114 60 74 116 15 7 88 83 72 17
10 22 83 113 110 4 62 38 57 95 51
8 24 20 110 84 44 27 95 29
4 91 10 80 110
11 77 79 60 32 81 118 72 14 61 13 0
10 7 53 5 0 116 96 72 6 99 70
7 66 5 101 0 77 23 32
3 18 3 75
7 16 36 94 31 93 1 25
7 81 92 111 43 57 114 38
2 53 118
9 20 81 55 23 63 21 32 109 19
12 45 6 74 113 41 78 108 104 76 118 106 60
8 12 44 69 110 107 14 28 38
2 45 30
3 16 34 64
3 25 27 53
12 78 95 30 102 90 98 24 59 23 96 50 119
12 117 39 47 111 93 66 109 73 119 103 75 114
12 114 53 116 52 74 46 20 79 45 78 86 102
7 98 119 80 19 52 116 58
3 85 89 9
2 48 45
1 69
2 28 44
12 54 12 38 52 85 76 2 63 6 58 118 42
5 108 96 4 34 75
7 31 26 51 48 8 19 40
11 37 118 113 102 89 105 108 3 62 117 52
4 13 64 110 99
6 116 41 6 0 9 76
12 16 83 81 12 76 63 50 62 85 64 116 20
10 58 8 107 51 11 40 102 109 103 54
3 103 95 90
9 84 35 43 12 72 40 76 88 75
9 26 114 4 0 3 25 29 117 89
12 37 57 39 77 56 97 115 54 18 33 9 44
9 7 54 36 94 80 72 40 118 23
1 102
