20 40 140
7 25 17 20 25 19 10 13 22 27 29 19 16 30 15 10 29 15 23 17 
10 19 5 33 1 34 28 30 0 23 20
13 35 9 27 3 33 34 29 4 22 12 16 10 5
11 32 3 21 7 14 22 6 15 26 29 30
11 10 9 32 13 28 25 29 3 18 14 4
11 27 24 30 11 33 13 9 28 34 1 4
10 21 11 33 29 34 23 9 36 24 22
10 25 30 9 3 0 16 21 11 20 33
10 14 34 18 9 31 24 21 0 23 3
13 14 7 13 18 26 32 25 23 19 17 0 6 12
13 12 15 11 25 23 38 20 18 27 36 32 0 3
13 0 14 39 18 6 4 11 34 25 35 33 12 20
12 3 34 20 7 21 35 12 28 4 14 8 19
11 39 18 5 32 15 0 7 34 23 8 11
11 20 17 6 1 3 19 14 39 10 16 35
12 31 15 3 8 24 25 39 10 33 30 23 17
12 15 20 16 19 7 21 13 24 14 34 36 39
11 33 20 24 11 15 31 39 10 23 38 14
13 37 13 17 0 34 36 25 28 39 29 32 38 1
13 19 18 24 16 37 1 38 26 22 23 17 20 0
12 8 16 2 24 29 37 25 21 23 32 1 3
