30 50 150
15 9 26 19 8 5 23 17 7 12 29 26 5 6 10 5 26 8 19 29 6 23 21 14 21 22 21 28 5 22 
10 26 4 31 30 16 32 13 35 7 2
8 5 38 0 37 26 49 10 42
9 0 32 6 46 42 18 43 11 4
10 5 38 42 16 25 34 41 21 40 27
8 17 0 22 8 43 28 29 48
9 26 15 11 31 24 32 37 42 47
9 11 41 29 14 46 30 27 10 15
7 23 32 25 31 8 30 34
9 10 36 19 40 41 15 6 23 48
7 0 22 44 8 26 39 7
10 17 35 36 40 19 9 18 38 49 6
10 23 6 24 11 33 20 10 15 12 30
9 8 24 28 37 21 26 6 29 43
10 45 29 27 40 38 8 42 48 34 28
8 44 3 34 6 46 17 14 16
10 5 21 18 15 9 1 34 16 31 8
8 42 9 16 25 26 35 45 11
10 42 15 25 0 8 20 6 30 10 49
8 33 48 30 34 5 44 12 40
7 27 29 30 19 47 34 2
9 1 44 12 21 36 14 48 2 40
10 19 36 34 29 38 27 17 37 20 24
7 49 22 13 18 26 11 10
9 28 34 25 33 18 47 29 4 1
8 36 47 39 48 3 49 9 11
10 4 13 14 25 41 21 5 0 34 22
7 10 5 36 31 3 15 38
9 45 15 46 43 26 18 4 34 12
8 18 20 27 2 17 43 45 31
8 16 0 4 20 30 34 28 48
