30 80 240
24 8 14 23 18 7 21 6 5 14 22 17 29 30 14 15 25 21 12 8 7 17 23 6 27 25 23 17 22 16 
14 16 36 65 61 76 43 73 25 46 6 74 71 50 31
16 38 75 78 20 18 71 23 58 21 61 66 69 60 37 29 15
13 74 60 6 57 28 19 46 26 49 59 45 64 69
14 76 45 78 10 44 70 4 74 56 14 8 47 36 39
14 6 63 3 47 2 31 57 12 46 14 42 62 23 44
14 47 67 34 46 58 40 14 0 9 33 68 56 22 75
13 2 31 79 26 7 54 20 8 52 56 39 21 58
14 13 33 55 16 72 10 54 79 9 57 66 21 69 48
14 38 58 50 47 11 67 19 8 31 75 26 15 20 9
15 71 68 21 25 22 39 74 77 63 6 75 11 36 33 34
13 38 72 67 52 23 57 68 59 0 70 54 61 32
13 38 36 75 19 33 68 3 67 28 21 43 56 15
13 14 51 52 62 74 61 4 46 29 73 48 26 79
14 41 60 32 18 75 69 9 36 77 56 21 30 19 13
15 44 61 64 69 8 53 60 14 59 41 42 40 10 63 18
15 5 28 36 16 63 8 76 35 74 53 0 58 43 49 19
16 53 49 69 28 31 3 16 12 2 64 29 59 18 44 77 45
14 24 44 38 13 40 3 52 56 28 59 42 39 51 57
13 40 27 57 59 46 19 3 17 79 75 56 18 21
16 78 33 37 49 21 65 35 75 42 55 20 61 79 57 39 34
13 17 18 28 76 37 74 11 6 59 78 21 51 73
13 9 42 26 66 21 2 70 38 30 29 23 4 60
13 56 66 69 54 21 38 25 28 13 26 68 64 32
15 39 68 59 49 35 73 75 37 43 9 56 1 24 2 69
15 9 23 22 17 74 44 66 61 24 1 28 50 58 52 11
13 7 61 45 22 67 49 8 28 20 26 44 55 69
14 74 68 19 64 61 62 48 4 13 40 52 39 76 60
15 53 58 31 64 61 20 6 12 62 56 9 3 49 59 16
14 57 18 14 3 58 1 52 4 56 34 7 78 69 8
16 33 2 21 59 28 44 77 74 70 39 42 43 26 11 18 79
