60 90 250
21 13 24 11 14 12 10 28 13 22 26 5 23 17 27 27 6 18 6 16 8 6 17 14 17 21 25 18 18 16 16 10 22 16 17 26 6 16 8 28 9 15 7 24 13 5 16 20 9 25 8 14 9 9 20 13 26 8 19 23 
13 60 17 88 39 87 75 53 83 51 40 1 45 14
18 79 86 1 31 40 80 69 21 77 53 44 5 24 18 56 84 46 41
12 49 6 40 19 55 62 60 65 32 66 57 47
15 49 55 86 65 77 31 54 44 35 75 11 2 3 68 52
14 36 85 16 65 6 61 47 84 19 2 43 67 35 10
18 8 65 71 24 75 55 33 51 76 63 45 9 23 15 89 56 35 79
12 24 42 15 71 56 22 73 68 49 43 44 85
17 0 52 60 7 56 62 36 65 35 43 59 13 40 84 81 11 89
14 77 26 85 45 3 10 53 50 60 28 46 63 19 29
17 41 1 70 26 58 38 65 17 47 32 35 9 23 73 11 49 82
16 12 11 87 62 38 64 75 70 73 77 25 53 81 7 5 36
16 8 70 78 29 63 31 74 68 32 79 66 36 81 12 30 69
16 87 52 21 75 22 46 58 65 72 19 0 83 47 1 42 38
14 19 5 42 34 1 7 71 24 38 54 79 51 89 16
17 14 33 73 83 31 22 29 59 77 63 64 34 4 17 88 35 60
13 88 26 0 62 78 16 8 13 80 63 11 76 40
16 46 74 89 35 28 37 51 21 66 78 6 41 57 65 9 26
18 66 88 64 14 2 73 38 81 5 12 53 6 35 16 79 58 19 25
18 11 25 26 24 52 82 0 3 33 28 14 86 10 74 23 20 8 84
14 69 1 21 9 15 76 40 17 87 68 81 66 43 12
16 70 52 64 89 85 37 63 88 26 67 58 12 83 29 68 28
16 81 79 39 23 31 89 38 42 36 30 10 45 3 69 57 74
18 8 9 5 57 1 77 38 85 69 52 28 4 27 6 68 55 20 67
16 2 40 88 66 58 19 38 31 84 65 77 9 41 69 53 5
13 38 35 2 69 26 28 40 47 51 74 5 29 27
14 48 13 43 57 88 74 10 45 82 1 34 22 71 80
13 20 81 74 80 19 32 24 45 37 47 5 14 7
16 67 8 37 12 73 50 66 14 69 84 35 83 46 42 61 6
14 57 25 79 74 75 77 23 11 10 35 61 22 34 40
16 49 83 47 7 48 81 29 56 4 21 16 19 80 59 69 53
18 50 62 39 75 0 80 30 87 2 16 61 70 86 23 79 55 31 29
17 34 48 17 54 49 24 59 36 80 78 35 79 42 0 33 72 45
13 65 71 38 2 47 74 19 5 25 58 43 34 20
12 36 85 1 12 68 83 60 22 55 2 58 49
16 57 31 48 34 30 79 44 78 66 62 47 53 18 85 46 37
18 52 18 62 5 9 16 47 38 80 26 72 3 82 39 37 12 59 74
12 26 59 44 9 20 83 7 2 46 58 52 21
13 52 61 72 68 81 18 26 77 76 21 20 41 6
12 9 83 40 49 85 79 37 21 80 18 29 41
13 79 77 50 64 34 41 21 75 10 52 71 31 8
15 44 0 17 14 50 87 42 19 4 53 73 79 32 18 33
15 30 50 39 49 22 14 37 65 69 81 71 67 74 47 29
15 39 17 55 13 62 58 75 2 6 84 27 44 67 68 59
16 41 49 21 24 34 81 54 73 5 32 68 1 86 13 87 57
13 71 48 77 17 42 16 7 49 66 89 69 14 85
13 34 84 45 9 88 51 64 86 74 21 71 70 33
18 12 28 49 56 45 60 10 41 17 58 85 31 68 62 37 55 57 89
12 12 85 23 10 79 61 39 72 78 60 18 83
14 14 31 61 5 78 37 58 41 82 32 69 11 88 45
15 14 59 6 36 54 72 46 81 77 0 7 47 88 50 66
17 80 66 55 44 37 86 32 50 62 20 17 31 81 82 47 72 45
16 12 42 0 88 2 49 50 70 76 24 40 87 38 57 56 67
18 18 62 41 45 24 87 49 67 42 23 47 38 13 51 57 25 78 73
14 83 45 76 74 48 89 0 8 28 4 72 14 10 30
13 1 13 12 67 68 51 30 4 41 70 76 69 65
16 61 0 45 3 12 70 49 76 59 15 60 29 41 87 10 77
17 0 74 9 54 77 39 11 56 29 70 72 83 71 6 30 53 84
18 6 71 88 54 21 56 31 40 53 4 83 43 69 70 81 17 33 22
16 21 50 68 39 77 42 38 62 5 6 41 67 35 29 54 16
16 88 75 67 40 35 3 14 63 50 70 4 55 68 57 86 15
