70 40 200
17 9 5 28 6 17 29 12 17 23 8 6 26 9 22 26 12 24 10 21 21 11 11 19 6 25 24 28 29 25 30 8 20 5 9 10 11 13 6 9 9 19 25 7 20 11 14 29 7 22 16 30 6 14 12 22 15 26 30 17 23 17 21 8 10 10 24 30 11 28 
4 20 32 10 21
4 38 7 32 25
2 37 36
2 25 15
4 29 2 32 25
2 22 13
1 11
1 38
2 13 14
1 2
3 22 38 12
2 37 10
1 6
4 38 37 27 24
1 29
3 6 12 10
3 29 35 27
2 33 37
2 37 0
4 14 18 39 17
4 26 1 19 14
3 4 12 10
2 31 7
2 20 7
2 21 39
4 14 22 30 1
3 23 11 2
1 22
1 3
2 28 7
3 7 33 27
1 10
4 8 4 11 34
3 24 19 3
3 23 6 17
3 15 12 33
3 35 32 7
3 19 23 30
2 26 12
1 23
2 34 8
4 24 2 1 17
1 33
3 38 1 32
1 21
4 13 19 2 5
4 20 14 9 11
2 39 32
1 9
4 10 18 6 36
1 37
1 24
4 39 20 34 24
4 4 29 31 11
2 23 8
3 22 20 1
4 31 36 20 5
2 3 19
4 36 31 33 34
4 31 30 20 19
3 3 27 2
3 39 3 25
3 9 12 20
3 16 15 9
2 7 18
1 3
1 2
2 28 20
2 7 5
4 25 19 6 34
